Размер таблицы лексем: 202
Номер лексемы -> Лексема -> Номер строки в исходном тексте
     1              t           0
     2              f           0
     0              i           0
     4              (           0
     5              t           0
     1              i           0
     7              ,           0
     8              t           0
     2              i           0
    10              )           0
    11              |           0
    12              {           1
    13              |           1
    14              d           2
    15              t           2
     3              i           2
    17              ;           2
    18              |           2
     3              i           3
    20              =           3
     1              i           3
    22              v           3
    23              (           3
     1              i           3
    25              v           3
     2              i           3
    27              )           3
    28              ;           3
    29              |           3
    30              r           4
     3              i           4
    32              ;           4
    33              |           4
    34              }           5
    35              ;           5
    36              |           5
    37              |           6
    38              t           7
    39              f           7
     4              i           7
    41              (           7
    42              t           7
     5              i           7
    44              ,           7
    45              t           7
     6              i           7
    47              )           7
    48              |           7
    49              {           8
    50              |           8
    51              d           9
    52              t           9
     7              i           9
    54              ;           9
    55              |           9
    56              d          10
    57              t          10
    58              f          10
     8              i          10
    60              (          10
    61              t          10
     5              i          10
    63              ,          10
    64              t          10
    10              i          10
    66              ,          10
    67              |          10
    68              t          11
    11              i          11
    70              )          11
    71              ;          11
    72              |          11
     7              i          12
    74              =          12
     8              i          12
    76              (          12
     5              i          12
    78              ,          12
    13              l          12
    80              ,          12
    14              l          12
    82              )          12
    83              v          12
     6              i          12
    85              ;          12
    86              |          12
    87              r          13
     7              i          13
    89              ;          13
    90              |          13
    91              }          14
    92              ;          14
    93              |          14
    94              |          15
    95              m          16
    96              {          16
    97              |          16
    98              d          17
    99              t          17
     1              i          17
   101              ;          17
   102              |          17
   103              d          18
   104              t          18
     2              i          18
   106              ;          18
   107              |          18
   108              d          19
   109              t          19
     3              i          19
   111              ;          19
   112              |          19
   113              d          20
   114              t          20
    17              i          20
   116              ;          20
   117              |          20
   118              d          21
   119              t          21
    18              i          21
   121              ;          21
   122              |          21
   123              d          22
   124              t          22
    19              i          22
   126              ;          22
   127              |          22
   128              d          23
   129              t          23
   130              f          23
    20              i          23
   132              (          23
   133              t          23
    10              i          23
   135              )          23
   136              ;          23
   137              |          23
     1              i          24
   139              =          24
    23              l          24
   141              ;          24
   142              |          24
     2              i          25
   144              =          25
    24              l          25
   146              ;          25
   147              |          25
    17              i          26
   149              =          26
    25              l          26
   151              ;          26
   152              |          26
    18              i          27
   154              =          27
    26              l          27
   156              ;          27
   157              |          27
     3              i          28
   159              =          28
     0              i          28
   161              (          28
     1              i          28
   163              ,          28
     2              i          28
   165              )          28
   166              ;          28
   167              |          28
    19              i          29
   169              =          29
     4              i          29
   171              (          29
    17              i          29
   173              ,          29
    18              i          29
   175              )          29
   176              ;          29
   177              |          29
   178              p          30
    27              l          30
   180              ;          30
   181              |          30
   182              p          31
     3              i          31
   184              ;          31
   185              |          31
   186              p          32
    19              i          32
   188              ;          32
   189              |          32
   190              p          33
    20              i          33
   192              (          33
    19              i          33
   194              )          33
   195              ;          33
   196              |          33
   197              r          34
    28              l          34
   199              ;          34
   200              |          34
   201              }          35
   202              ;          35
